onset	duration	trial_type	value	sample
5.358	n/a	Target	2	5358
5.419	n/a	NonTarget	1	5419
5.48	n/a	NonTarget	1	5480
5.54	n/a	NonTarget	1	5540
5.6	n/a	NonTarget	1	5600
5.661	n/a	NonTarget	1	5661
5.721	n/a	Target	2	5721
5.782	n/a	NonTarget	1	5782
5.842	n/a	NonTarget	1	5842
5.903	n/a	NonTarget	1	5903
5.964	n/a	NonTarget	1	5964
6.024	n/a	NonTarget	1	6024
6.084	n/a	NonTarget	1	6084
6.145	n/a	NonTarget	1	6145
6.205	n/a	NonTarget	1	6205
6.265	n/a	Target	2	6265
6.326	n/a	NonTarget	1	6326
6.386	n/a	NonTarget	1	6386
6.447	n/a	NonTarget	1	6447
6.507	n/a	NonTarget	1	6507
6.567	n/a	NonTarget	1	6567
6.628	n/a	NonTarget	1	6628
6.689	n/a	NonTarget	1	6689
6.749	n/a	Target	2	6749
6.809	n/a	NonTarget	1	6809
6.87	n/a	NonTarget	1	6870
6.93	n/a	NonTarget	1	6930
6.991	n/a	NonTarget	1	6991
7.052	n/a	Target	2	7052
7.113	n/a	NonTarget	1	7113
7.173	n/a	NonTarget	1	7173
7.234	n/a	NonTarget	1	7234
7.295	n/a	NonTarget	1	7295
7.356	n/a	Target	2	7356
7.416	n/a	NonTarget	1	7416
7.476	n/a	NonTarget	1	7476
7.536	n/a	NonTarget	1	7536
7.598	n/a	Target	2	7598
7.658	n/a	NonTarget	1	7658
7.718	n/a	NonTarget	1	7718
7.778	n/a	NonTarget	1	7778
7.838	n/a	NonTarget	1	7838
7.899	n/a	NonTarget	1	7899
7.959	n/a	Target	2	7959
8.02	n/a	NonTarget	1	8020
8.081	n/a	NonTarget	1	8081
8.143	n/a	NonTarget	1	8143
8.202	n/a	NonTarget	1	8202
8.263	n/a	NonTarget	1	8263
8.323	n/a	NonTarget	1	8323
8.383	n/a	NonTarget	1	8383
8.444	n/a	NonTarget	1	8444
8.504	n/a	NonTarget	1	8504
8.565	n/a	Target	2	8565
8.625	n/a	NonTarget	1	8625
8.685	n/a	NonTarget	1	8685
8.746	n/a	NonTarget	1	8746
8.806	n/a	Target	2	8806
8.868	n/a	NonTarget	1	8868
8.927	n/a	NonTarget	1	8927
8.988	n/a	NonTarget	1	8988
9.048	n/a	NonTarget	1	9048
9.109	n/a	Target	2	9109
9.169	n/a	NonTarget	1	9169
9.229	n/a	NonTarget	1	9229
9.289	n/a	NonTarget	1	9289
9.35	n/a	NonTarget	1	9350
9.411	n/a	NonTarget	1	9411
9.471	n/a	NonTarget	1	9471
9.532	n/a	Target	2	9532
9.591	n/a	NonTarget	1	9591
9.651	n/a	NonTarget	1	9651
9.711	n/a	NonTarget	1	9711
9.772	n/a	NonTarget	1	9772
9.832	n/a	NonTarget	1	9832
9.892	n/a	NonTarget	1	9892
9.952	n/a	Target	2	9952
10.012	n/a	NonTarget	1	10012
10.072	n/a	NonTarget	1	10072
10.133	n/a	NonTarget	1	10133
10.193	n/a	NonTarget	1	10193
10.253	n/a	NonTarget	1	10253
10.314	n/a	NonTarget	1	10314
10.374	n/a	Target	2	10374
10.434	n/a	NonTarget	1	10434
10.495	n/a	NonTarget	1	10495
10.555	n/a	NonTarget	1	10555
10.616	n/a	NonTarget	1	10616
10.676	n/a	NonTarget	1	10676
10.736	n/a	Target	2	10736
