onset	duration	trial_type	value	sample
5.334	n/a	NonTarget	1	5334
5.754	n/a	NonTarget	1	5754
6.171	n/a	NonTarget	1	6171
6.59	n/a	NonTarget	1	6590
7.008	n/a	Target	2	7008
7.426	n/a	NonTarget	1	7426
7.846	n/a	NonTarget	1	7846
8.265	n/a	NonTarget	1	8265
8.683	n/a	NonTarget	1	8683
9.101	n/a	NonTarget	1	9101
9.519	n/a	Target	2	9519
9.937	n/a	NonTarget	1	9937
10.356	n/a	NonTarget	1	10356
10.774	n/a	Target	2	10774
11.192	n/a	NonTarget	1	11192
11.61	n/a	NonTarget	1	11610
12.028	n/a	NonTarget	1	12028
12.446	n/a	NonTarget	1	12446
12.864	n/a	NonTarget	1	12864
13.283	n/a	NonTarget	1	13283
13.701	n/a	NonTarget	1	13701
14.119	n/a	NonTarget	1	14119
14.538	n/a	NonTarget	1	14538
14.955	n/a	Target	2	14955
15.373	n/a	NonTarget	1	15373
15.792	n/a	NonTarget	1	15792
16.21	n/a	NonTarget	1	16210
16.629	n/a	NonTarget	1	16629
17.047	n/a	Target	2	17047
17.465	n/a	NonTarget	1	17465
17.884	n/a	NonTarget	1	17884
18.303	n/a	NonTarget	1	18303
18.72	n/a	NonTarget	1	18720
19.138	n/a	Target	2	19138
19.556	n/a	NonTarget	1	19556
19.974	n/a	NonTarget	1	19974
20.393	n/a	Target	2	20393
20.813	n/a	NonTarget	1	20813
21.23	n/a	NonTarget	1	21230
21.648	n/a	NonTarget	1	21648
22.067	n/a	NonTarget	1	22067
22.484	n/a	NonTarget	1	22484
22.903	n/a	NonTarget	1	22903
23.322	n/a	NonTarget	1	23322
23.74	n/a	NonTarget	1	23740
24.159	n/a	Target	2	24159
24.577	n/a	NonTarget	1	24577
24.995	n/a	NonTarget	1	24995
25.414	n/a	NonTarget	1	25414
25.833	n/a	NonTarget	1	25833
26.251	n/a	NonTarget	1	26251
26.669	n/a	NonTarget	1	26669
27.087	n/a	Target	2	27087
27.505	n/a	NonTarget	1	27505
27.924	n/a	NonTarget	1	27924
28.342	n/a	NonTarget	1	28342
28.76	n/a	Target	2	28760
29.179	n/a	NonTarget	1	29179
29.597	n/a	NonTarget	1	29597
30.015	n/a	NonTarget	1	30015
30.433	n/a	NonTarget	1	30433
30.852	n/a	Target	2	30852
31.27	n/a	NonTarget	1	31270
31.688	n/a	NonTarget	1	31688
32.106	n/a	NonTarget	1	32106
32.524	n/a	NonTarget	1	32524
32.943	n/a	NonTarget	1	32943
33.362	n/a	NonTarget	1	33362
33.781	n/a	Target	2	33781
34.199	n/a	NonTarget	1	34199
34.616	n/a	NonTarget	1	34616
35.034	n/a	NonTarget	1	35034
35.453	n/a	NonTarget	1	35453
35.872	n/a	Target	2	35872
36.29	n/a	NonTarget	1	36290
36.709	n/a	NonTarget	1	36709
37.126	n/a	NonTarget	1	37126
37.545	n/a	NonTarget	1	37545
37.963	n/a	NonTarget	1	37963
38.381	n/a	NonTarget	1	38381
38.799	n/a	NonTarget	1	38799
39.217	n/a	NonTarget	1	39217
39.635	n/a	NonTarget	1	39635
40.053	n/a	Target	2	40053
40.472	n/a	NonTarget	1	40472
40.892	n/a	NonTarget	1	40892
41.31	n/a	Target	2	41310
41.728	n/a	NonTarget	1	41728
42.145	n/a	NonTarget	1	42145
42.563	n/a	NonTarget	1	42563
